AVG_PROGRESS
0.03309013799398647
0.03866088615692735
0.045304218639003475
0.0493862454236388
0.05241762591595303
0.05409454546446432
0.05851714245900138
0.06039630869313397
0.06379251912763048
0.06436624187003898
0.068878986102421
0.07392268857476335
0.07987583465803273
0.0811266757816637
0.08314342968201555
0.0837875393772232
0.08375655322517017
0.08836272903958144
0.08948181829022231
0.09085458912334055
0.0942172997167306
0.09722158086313888
0.10043118579602613
0.1007395355161743
0.10187427054835595
0.10312024620977915
0.10383659235001548
0.1052704188408366
0.10664216502044024
0.10910926383517967
0.10982535578251376
0.1096315611508039
0.11248020796146702
0.11767698479542286
0.12297246270977032
0.12386601033700413
0.12550175199748678
0.12615709545739187
0.12765544215664776
0.13492708861418967
0.13441319479383618
0.13548273431234426
0.13746862238559152
0.13856133272403104
0.13778445750797944
0.1396408033249096
0.14147274410407307
0.14428113474538706
0.1414451021212236
0.1423547332047897
0.14331807203133148
0.1492278286215782
0.14750348501286187
0.14984903073663536
0.15034859578468168
0.15359530592626194
0.15419209827388444
0.15709977561900978
0.1601950241022364
0.16091816767912134
0.16781484425284124
0.16556006602441986
0.17197947214677167
0.172385865310302
0.17290003794442677
0.17608431154389628
0.17908161105955422
0.17965234010388145
0.17743884546679006
0.18295653105970797
0.18088189288401074
0.18119598486581945
0.18223816552577002
0.1870892304849613
0.19079982264066817
0.18756193482430092
0.18702993843257779
0.19143268729307805
0.19134726124925144
0.20007501276727008
0.1955839530527641
0.19831396047128091
0.19418251782264917
0.19541661634331267
0.1984118927335819
0.19736741849177328
0.19959813905436424
0.1992874610320793
0.19974684129553455
0.20086910596311694
0.20272881720355618
0.2061537437749822
0.20543678252441425
0.20416012109501366
0.2053374685119383
0.2048130080372235
0.2074945134465841
0.20500172119662366
0.2041637191508856
0.20547769748275724
0.2075492330434839
0.20908933718516434
0.20859067397434675
0.2125667996430322
0.2122326810422855
0.21207830503198302
0.21271304103955696
0.2120198683218455
0.21198951254496654
0.22127309744719423
0.216657125231918
0.2174516309379746
0.2171134984059231
0.21819694929511807
0.21841793650581606
0.2213409935488762
0.21913228517681632
0.22019261741147111
0.2192411414499139
0.21947009763860378
0.22064979988512207
0.22211469642896245
0.2224312626761325
0.2273982197417837
0.23079277264942027
0.2306082152996944
0.22863600234132642
0.22694474882169938
0.23277877273872394
0.2294751675146433
0.23303567246737386
0.23299180507963682
0.22985391249570175
0.23465113393295925
0.23758912192115622
0.23983035992200144
0.2416273080280862
0.2385532303515978
0.24234697868995497
0.238598564864669
0.24621547891604625
0.24363990397930618
0.24684607805742714
0.24480771005256816
0.2471876473392953
0.2492927728204992
0.25009567535784694
0.24624938974681995
0.24765282097334032
0.24626285990667512
0.2502177207221813
0.25263368010183457
0.2492771755376479
0.2502135652893041
0.2540757564099126
0.2529652770019431
0.252836646346931
0.2515110364435789
0.250163247983045
0.25321550949832855
0.2524443313931636
0.2536903121995011
0.25411151857775255
0.25168031203715274
0.2565512230625319
0.25461801644013926
0.2583178135382374
0.2620122070770778
0.2585595236015629
0.2657063345092707
0.2605619002908246
0.26434747112997753
0.261498648523776
0.26191767318793213
0.2623421203397854
0.26521238258701635
0.262511384628528
0.2653295801890617
0.26914140326335895
0.2675532351696344
0.2657302944051258
0.26709570500297963
0.26842377459505073
0.26778426462439087
0.2666450131998876
0.2642064456573427
0.26797308930062197
0.26585588840199675
0.27266491638374746
0.267998023137465
0.2732849734714274
0.2702060531617779
0.27352116536207755
0.27076507862311616
0.27214879261930564
0.2751116835877989
0.2739963195712472
0.2726989564822823
0.27334647450459343
0.27538681592212255