NETWORK_90
[array([[-0.28017567, -0.31871223,  0.68166665, -0.01559596,  0.07656315,
        -0.43613508,  0.38207987, -0.37803515, -0.11465132],
       [ 0.19627276,  0.35037606,  0.15383646,  0.00814648,  0.0667374 ,
        -0.18677408, -0.33673967,  0.50994925, -0.26943361],
       [ 0.12361199,  0.00127432, -0.0355578 , -0.41519046, -0.07594362,
        -0.19210693, -0.12138054, -0.03406627,  0.31498844],
       [-0.3491378 ,  0.13284946,  0.31841755,  0.14744662,  0.2525448 ,
        -0.09243216,  0.16833427, -0.13593105,  0.25887138],
       [ 0.16126164,  0.2922861 , -0.14448122,  0.19163479,  0.06148426,
        -0.09605264,  0.51394542,  0.03330009, -0.07527548],
       [-0.18079592,  0.33844707,  0.04303837, -0.10137094, -0.54696122,
         0.06497719,  0.10686302,  0.11728775, -0.07190906],
       [ 0.18092987,  0.35445844,  0.01154942, -0.2605442 ,  0.65023974,
        -0.35935318,  0.21025433,  0.0442949 , -0.01009119],
       [ 0.12026387, -0.13023748, -0.38802021, -0.25136288,  0.19899402,
         0.19070718,  0.20123893,  0.0571374 , -0.05544158],
       [-0.10086337, -0.08370533,  0.25093703, -0.00955251, -0.11952359,
         0.04109753, -0.067889  ,  0.41705756,  0.13510203],
       [ 0.23216057, -0.18772093,  0.36259925,  0.16091499, -0.34407689,
        -0.32561402, -0.30732703, -0.14703502,  0.11003625]]), array([[ 0.01510885, -0.03062026,  0.0115858 , -0.19179828,  0.00095669,
        -0.31018887, -0.09059273,  0.10085955, -0.21832059,  0.06959985],
       [-0.08426319,  0.16957611, -0.16983853, -0.09378067, -0.32327126,
         0.07781034, -0.07617496,  0.3110385 ,  0.08444086,  0.15061703],
       [ 0.07462784, -0.08136149, -0.27164957, -0.00150719, -0.11028221,
        -0.22636275, -0.09543462, -0.09375264, -0.19565103,  0.5536567 ],
       [-0.00385619, -0.07312855, -0.24697829,  0.07108745,  0.44056891,
        -0.36523992, -0.004381  ,  0.13176575,  0.07514968,  0.54002911],
       [-0.05313421, -0.04064119,  0.17736922, -0.09395362, -0.05216743,
         0.48847913, -0.39492145,  0.1965404 , -0.10364657,  0.24255427],
       [-0.14898002, -0.19625562, -0.1241898 ,  0.1108588 ,  0.07580121,
        -0.00415763,  0.24867768, -0.13834528, -0.59902771, -0.1597016 ],
       [ 0.15554527,  0.25063259,  0.19469629, -0.21756815,  0.02777447,
        -0.1769571 , -0.08770117, -0.17463919,  0.12556826,  0.15168181],
       [ 0.12363443, -0.0382242 ,  0.29499942, -0.1634659 ,  0.31053085,
         0.32403286,  0.23698976,  0.42956783, -0.06688832,  0.08995853],
       [ 0.17861319, -0.33358552,  0.05204142, -0.09912082,  0.35521386,
        -0.22392318, -0.01491842, -0.38130089, -0.22979448, -0.03042848],
       [-0.02080194, -0.34086962, -0.42663598,  0.05952188,  0.3899289 ,
        -0.04116907,  0.46914536,  0.19483676, -0.07806185,  0.15114865]]), array([[ 0.45152695, -0.12586173, -0.11961519, -0.14363895,  0.08595467,
         0.33241135,  0.00743689,  0.0935402 ,  0.37722853, -0.14196926],
       [-0.34081152, -0.36353377,  0.35911841, -0.02667441,  0.2449361 ,
         0.26689879, -0.16396468, -0.12877687,  0.15221972,  0.27744876],
       [ 0.18297807, -0.27126873, -0.23532998, -0.28041722, -0.09322321,
         0.50500135,  0.09283741, -0.00750016,  0.18632684, -0.29404209],
       [ 0.08405594, -0.4387677 , -0.20234333,  0.07793209,  0.1985311 ,
        -0.44847132, -0.0120517 , -0.13711655,  0.27029001,  0.11566169]])]
[array([ 2.1098442 , -0.25088686,  0.31617247, -1.32018658,  0.41301198,
        1.3590878 ,  0.35395515, -0.01875779, -1.0883534 , -0.72967764]), array([ 0.12745316, -0.82192625,  0.33699704,  1.6664719 ,  0.39393714,
        0.8656487 , -2.2300062 , -1.30379467,  2.71091728, -0.05029536]), array([ 0.8626543 , -0.30721639, -1.35613897, -1.47399813])]
NETWORK_91
[array([[ 0.10605477, -0.00093966,  0.59096605,  0.14074663,  0.26046689,
        -0.06086612,  0.18037166, -0.31613857, -0.02165339],
       [ 0.33039774,  0.07645917,  0.0117148 , -0.03510223,  0.02707214,
        -0.18700628, -0.21421283,  0.65652969, -0.0679245 ],
       [-0.03991454, -0.22088177,  0.08834521, -0.38189225, -0.15352362,
         0.20990353, -0.21444992, -0.08769053,  0.30095625],
       [-0.10947717,  0.15407733,  0.13793665,  0.14845281,  0.08605908,
         0.03404279,  0.16987857, -0.3032107 ,  0.45159758],
       [ 0.32807413,  0.32823237,  0.07772401,  0.37218882,  0.09301807,
         0.12462206,  0.39193658, -0.09536939, -0.04817481],
       [-0.24546231,  0.45977264,  0.22846018, -0.16519044, -0.44454655,
        -0.05126733, -0.06048526,  0.24569306, -0.09271614],
       [-0.05734295,  0.39389858, -0.04047989, -0.17710354,  0.36878101,
        -0.66916666,  0.1969137 ,  0.1347941 , -0.06928943],
       [ 0.45706763,  0.01374963,  0.00173158, -0.35546746,  0.12190334,
         0.07243332,  0.03651764, -0.14426453,  0.21126675],
       [-0.15313577,  0.02436677, -0.13705368, -0.49261558, -0.03863517,
        -0.11203783,  0.09092428,  0.31165073,  0.06503075],
       [ 0.32212947, -0.05833784,  0.17211045,  0.36424185, -0.16493264,
        -0.19688521, -0.12472362,  0.038849  ,  0.55558632]]), array([[ 0.09839558,  0.15300899,  0.2199979 , -0.18927123,  0.40583248,
        -0.17077448,  0.08772924, -0.19796721, -0.13331621,  0.08779178],
       [-0.1984878 ,  0.20878607, -0.27937534,  0.0641206 , -0.16020454,
         0.18257791,  0.12964692,  0.34673106,  0.1800155 ,  0.33554549],
       [ 0.19803717, -0.3001103 , -0.09583273,  0.06275288, -0.04827515,
        -0.34948896, -0.20681777, -0.16560266, -0.16309892,  0.45342377],
       [-0.20856945, -0.12700786, -0.30381861,  0.31452511,  0.38453349,
        -0.05471014,  0.21421596,  0.14317442,  0.0793221 ,  0.452513  ],
       [-0.27510199, -0.04683599,  0.22922217, -0.21074653, -0.02092595,
         0.428496  , -0.41551928,  0.1043679 , -0.26100388,  0.29637117],
       [-0.03615362, -0.39119524,  0.1521942 ,  0.04557787,  0.04138746,
        -0.0850446 ,  0.2708166 , -0.20534443, -0.8102726 , -0.12792257],
       [ 0.31330573,  0.03534579,  0.23171275, -0.21707175,  0.0875619 ,
        -0.29339764,  0.07948657,  0.25487902, -0.21245713, -0.1202531 ],
       [-0.01159706,  0.03772938,  0.24404918,  0.15247896,  0.29942161,
         0.23781897, -0.01387986,  0.32743182, -0.18410281,  0.05002728],
       [ 0.07359606, -0.49014185, -0.03247016, -0.13707488,  0.32269239,
        -0.13936189,  0.07498059, -0.27135872, -0.17725456,  0.10235942],
       [-0.06828821, -0.37576778, -0.26840718,  0.10102855,  0.34798072,
        -0.16057027,  0.50142482,  0.13027129,  0.10232765,  0.16936755]]), array([[ 0.5467931 ,  0.03231176, -0.08625842, -0.07822108, -0.14920465,
         0.58697513, -0.42910147,  0.31513382,  0.6745439 , -0.13085572],
       [-0.50749348, -0.25547949,  0.24074551, -0.08077603,  0.10742468,
         0.41023612, -0.03939668, -0.01141325,  0.01230393, -0.08488869],
       [ 0.27822688, -0.00409492, -0.51460682, -0.27836697, -0.14840465,
         0.23896063,  0.01310909, -0.14223857,  0.22582938, -0.42125425],
       [ 0.00237715, -0.39973912, -0.29318897, -0.04722071,  0.32127589,
        -0.27138014, -0.05705478, -0.26685255,  0.14995068,  0.03706753]])]
[array([-0.41634346, -0.16453974, -0.14090294, -1.59698775,  0.54226316,
       -0.25286453,  0.27985292,  0.08649639,  0.04220968, -0.28886879]), array([ 0.08306394, -0.19277519,  1.60307968,  0.69552582, -0.31041352,
       -0.31688334, -3.1437122 ,  0.33728854,  2.38456964,  0.69566369]), array([ 2.2453678 , -0.22984925, -0.45820024, -0.71280992])]
NETWORK_92
[array([[-0.20817538, -0.4026236 ,  0.81863086, -0.31739513, -0.03923598,
        -0.58593188,  0.41461712, -0.28575774, -0.15429092],
       [-0.10506094,  0.33783362,  0.20900488,  0.17584712,  0.12916998,
         0.01296258, -0.09686511,  0.56960734, -0.23658278],
       [ 0.12533159,  0.13423722,  0.01901942, -0.33447578, -0.08709309,
        -0.33537512, -0.25503378, -0.07732688,  0.32676599],
       [-0.44927412,  0.21402403,  0.332766  ,  0.24839398,  0.15933133,
         0.05919109,  0.45975695, -0.33430624,  0.04340715],
       [ 0.18393865,  0.15608444,  0.02172374,  0.33139026,  0.09879004,
        -0.67140739,  0.66573177, -0.14276754,  0.19245974],
       [-0.47428785,  0.44126098,  0.16010263,  0.00363081, -0.51344955,
         0.02339727,  0.02674682,  0.1806783 , -0.17803853],
       [ 0.44639654,  0.51190398,  0.20733771, -0.42240106,  0.82117925,
        -0.13699677,  0.19045304, -0.22816079,  0.08853769],
       [ 0.12469174, -0.39342152, -0.509388  , -0.16478897,  0.3943359 ,
         0.2213857 ,  0.08444598,  0.45251952, -0.19997807],
       [-0.00160157, -0.15262413,  0.32483855, -0.0356865 ,  0.06052367,
         0.07385888,  0.04644029,  0.57070673,  0.08385269],
       [ 0.24203252, -0.05668159,  0.40058939,  0.2833441 , -0.25708769,
        -0.44307267, -0.37045404,  0.06868652, -0.04970557]]), array([[-0.22798732, -0.04186248, -0.06843601, -0.16797304, -0.07162121,
        -0.35365503, -0.13958006,  0.37585968, -0.29477383,  0.2360121 ],
       [-0.16397496,  0.0657261 , -0.26101006,  0.06494293, -0.40620047,
         0.35093284,  0.03794424,  0.33825877,  0.29916521,  0.45793132],
       [-0.04694092,  0.08777566, -0.28427162,  0.06914332, -0.01573649,
        -0.27873478, -0.02072639, -0.07594776, -0.09677558,  0.55478211],
       [ 0.00086282, -0.07650208, -0.26838746,  0.20723896,  0.54867361,
        -0.48008297, -0.10932574,  0.01404612,  0.1286407 ,  0.47716865],
       [-0.21338962, -0.09747227,  0.29079158, -0.17558599, -0.32877865,
         0.56719817, -0.31210669,  0.15708599, -0.3334464 ,  0.43840506],
       [ 0.14880393, -0.23310434, -0.01321219,  0.12559049,  0.28509729,
        -0.03551101,  0.4499756 , -0.18264436, -0.72248506,  0.00305071],
       [ 0.02737478,  0.31835928,  0.0189122 , -0.31647574,  0.23359622,
        -0.31340558, -0.29656015, -0.0043528 , -0.12805661,  0.12331147],
       [ 0.06565506,  0.07213717,  0.31094337,  0.05080263,  0.28849727,
         0.41423578,  0.18958136,  0.37778233, -0.21677946, -0.0116022 ],
       [ 0.33563064, -0.0372041 ,  0.142813  , -0.24452403,  0.38601413,
        -0.19093354, -0.20695536, -0.31629273,  0.03101182,  0.05810262],
       [-0.1327747 , -0.49804358, -0.62611528,  0.11082319,  0.3856517 ,
        -0.10554961,  0.40111215, -0.17619541, -0.18931009,  0.18503395]]), array([[ 0.43422359, -0.05795007, -0.24632331,  0.04718028, -0.12868845,
         0.23127931,  0.00981105, -0.06070699,  0.49071438, -0.12692975],
       [-0.29860322, -0.16454651,  0.37793419, -0.26033985,  0.24036267,
         0.22169027, -0.21542901, -0.15987835,  0.04269035,  0.1342139 ],
       [ 0.25347204, -0.29485256, -0.4341825 , -0.52173983, -0.17284798,
         0.41761362,  0.13153904, -0.02811771,  0.34982616, -0.59876464],
       [-0.04583095, -0.47146298, -0.24801064,  0.25226553,  0.1988868 ,
        -0.51715845, -0.14629294, -0.2596289 ,  0.32282329, -0.01450931]])]
[array([ 0.73490149, -0.22812613,  0.11484641,  0.00248945,  0.33557792,
        0.91211189, -0.92369079, -0.82086736, -1.63716095, -1.30582642]), array([-0.58556975,  0.78687227,  0.00615957,  1.4441849 ,  0.44406611,
       -0.96222446, -1.40985747, -2.34263216,  2.89399373, -0.49237833]), array([ 1.10978028, -0.15305202, -1.63397316, -2.27299815])]
NETWORK_93
[array([[-1.88257988e-01, -3.27504468e-01,  5.27925267e-01,
         2.23176262e-01,  5.60484366e-02, -4.28247176e-01,
         5.52519981e-01, -8.31132650e-01, -2.41919849e-01],
       [ 1.28540179e-01,  4.60369894e-01,  4.20860202e-02,
        -3.01391904e-02,  2.17260272e-01, -2.45730149e-01,
        -1.03039556e-01,  4.22028421e-01, -3.08985170e-01],
       [-1.65375366e-02, -4.66141504e-02, -1.27743797e-03,
        -2.81803314e-01, -2.04685671e-01, -1.02746130e-01,
        -3.13137625e-01,  1.15801079e-01,  4.84841661e-01],
       [-3.27472820e-01, -1.08912722e-01,  2.04322174e-01,
         1.47396510e-02, -5.00900392e-02,  1.26556955e-02,
         2.53715569e-01, -2.62693962e-01,  2.22596568e-02],
       [-5.35410199e-03,  2.61230853e-01, -1.57934435e-01,
         1.57430403e-01,  2.31040888e-01, -6.16634412e-02,
         3.46041773e-01, -1.88407821e-01, -2.36331424e-01],
       [-5.13981018e-02,  2.80064587e-01,  1.13691304e-01,
        -1.28718857e-01, -4.51000868e-01,  1.74585793e-02,
         1.49099733e-01,  1.42571125e-01, -1.22052164e-01],
       [ 1.01031225e-01,  3.55277653e-01, -4.58052065e-02,
         5.27372570e-02,  5.57808864e-01, -3.56091848e-01,
         3.30496120e-01,  8.16441652e-02,  2.41945480e-02],
       [ 2.25404725e-01,  1.51211907e-02, -4.36657171e-01,
        -4.16101087e-01,  1.94536132e-01,  2.61580388e-01,
         1.59732477e-02, -1.41049845e-01,  8.37510384e-02],
       [-1.64419548e-01,  1.37484812e-02,  2.27521188e-01,
         1.89542561e-01, -5.50840747e-01, -7.24955815e-04,
         2.53577816e-01,  8.00599749e-01,  5.54893931e-02],
       [ 3.22277121e-01,  1.64936137e-02,  3.82489446e-02,
         1.35729659e-01, -2.98102988e-01, -6.06556214e-01,
        -6.48399987e-01, -3.70796582e-02, -4.75308416e-02]]), array([[ 0.20787738,  0.14984657,  0.00758433, -0.30839914,  0.02345338,
        -0.44702712, -0.00836774,  0.18776684, -0.41438835,  0.12522192],
       [-0.20429858,  0.01990001, -0.22832492, -0.151315  , -0.17501539,
        -0.12161106, -0.17528303,  0.44849513, -0.02298858,  0.14320402],
       [ 0.15231203,  0.2510609 , -0.17131672,  0.25587224, -0.17483449,
        -0.24286537,  0.07222953,  0.04003684,  0.1313028 ,  0.88890884],
       [ 0.05550208, -0.15765431, -0.23962498,  0.06869324,  0.67944046,
        -0.03196771, -0.17350049, -0.18489404, -0.09604159,  0.54877291],
       [-0.05857973,  0.18012576,  0.13247152, -0.08860407, -0.0779571 ,
         0.48237543, -0.3389078 ,  0.39505492, -0.17932754,  0.29475199],
       [-0.14156974, -0.02630876,  0.17240753,  0.24931896, -0.08607661,
        -0.12382605,  0.16328358,  0.09037442, -0.52415055, -0.13390037],
       [-0.01473427,  0.2137726 ,  0.24893565, -0.36082842,  0.03442114,
        -0.03533824,  0.01197615, -0.32323484,  0.11785997,  0.05143434],
       [ 0.52555697, -0.16808782,  0.23559456,  0.02782699,  0.5634333 ,
         0.25004331,  0.20208957,  0.22583317, -0.09529559,  0.23653896],
       [ 0.26577298, -0.07095198,  0.18049166, -0.25663976,  0.59658415,
        -0.23387262, -0.2181321 , -0.30385977, -0.35206318, -0.02395005],
       [-0.30667992, -0.10165397, -0.30541523,  0.01881795,  0.21411592,
        -0.07306832,  0.30398193,  0.23984918, -0.33352306,  0.19775668]]), array([[ 0.19245329, -0.19725116,  0.26887371, -0.0435218 , -0.17620931,
         0.55390243,  0.04134277,  0.08358212,  0.42509855, -0.00262832],
       [-0.22708221, -0.07446762,  0.5827632 , -0.22704156,  0.34092748,
         0.39751687,  0.01678065,  0.02815414, -0.09737047,  0.2907871 ],
       [ 0.33335199, -0.52811932, -0.41600527, -0.14177033, -0.34541329,
         0.44396482,  0.10673898,  0.01343188, -0.2617508 , -0.30758127],
       [ 0.33894966, -0.25693239, -0.15251199, -0.05120073,  0.1803222 ,
        -0.4053242 ,  0.24812266,  0.20433056,  0.39118524,  0.22453535]])]
[array([ 1.93489753,  0.44145534,  0.0909798 ,  0.74599852, -0.18710917,
        1.89366472,  1.24803925,  0.27936985, -0.35525253, -1.12000206]), array([-0.52330773, -0.76641438,  2.79787609,  0.77272808,  0.74559019,
        0.91995327, -2.11030603, -1.35012858,  4.89318401, -0.20410958]), array([ 0.87725286,  0.08488315, -1.88928438, -3.17587798])]
NETWORK_94
[array([[-0.27052041, -0.33559109,  0.54431483,  0.22345331,  0.23791502,
        -0.28993052,  0.29243901, -0.16290405, -0.03552208],
       [ 0.3540386 ,  0.2638711 ,  0.16912875, -0.14268024,  0.01417565,
        -0.24362693, -0.39167209,  0.57045668, -0.14132595],
       [-0.2023325 ,  0.02519896, -0.12862831, -0.57921146,  0.15736894,
        -0.11011104, -0.2350812 ,  0.0362356 ,  0.12607632],
       [-0.20443333,  0.36312422,  0.35680731,  0.09897288,  0.26222873,
        -0.09846832,  0.27091809,  0.01865949,  0.27433558],
       [ 0.36376781,  0.25717545,  0.10194182,  0.13137888,  0.07232411,
        -0.05613001,  0.21569341,  0.08643172,  0.06755068],
       [-0.3000577 ,  0.28300049, -0.05066998, -0.19242522, -0.26461921,
        -0.02498054, -0.11744019,  0.01057602, -0.00064278],
       [ 0.01034245,  0.36016696, -0.10625513, -0.06648808,  0.40317659,
        -0.56819629,  0.22345078, -0.02319928,  0.043726  ],
       [ 0.16088797,  0.11582241, -0.10579263, -0.17222767,  0.24977561,
         0.19952531,  0.1316234 ,  0.10008647, -0.08676017],
       [-0.02971019,  0.014939  ,  0.09947435, -0.14001358, -0.19858263,
        -0.08492709,  0.00435871,  0.27313432,  0.06927269],
       [ 0.15845996,  0.06212388,  0.41399525,  0.41295794, -0.11458246,
        -0.11139891, -0.1549748 , -0.27285628,  0.15116578]]), array([[ 7.78408421e-02, -2.61567226e-02, -7.34708195e-02,
        -1.75103299e-01,  2.03218720e-01, -2.05517833e-01,
        -1.82513896e-01,  1.34725517e-01, -1.41219681e-01,
        -6.49173210e-02],
       [-3.12875368e-02,  3.26399079e-01, -3.70275835e-02,
        -8.22981960e-02, -1.35590116e-01,  1.53237517e-01,
         3.08836788e-02,  3.59889578e-01,  2.40146937e-01,
         3.93256702e-01],
       [ 2.55762680e-01, -2.00403595e-01, -3.21212339e-01,
         8.01048461e-05, -1.33189977e-02, -2.54266877e-01,
        -1.61742145e-01,  1.00450244e-01, -2.26345328e-01,
         5.12001691e-01],
       [-1.17872641e-01, -1.43758949e-01,  4.66010720e-02,
         2.06534481e-01,  1.22391751e-01, -3.81212539e-01,
        -1.98421603e-01,  1.79276596e-01, -1.19691609e-02,
         3.89259283e-01],
       [ 1.12243151e-02,  5.43472770e-03,  1.28473468e-01,
        -2.09543418e-01,  9.03592328e-02,  2.38068000e-01,
        -4.17927148e-01,  3.05458540e-01, -2.23111441e-01,
         4.76998109e-01],
       [-9.99789766e-02, -2.11155659e-01,  1.25287834e-01,
        -3.47429600e-02,  1.63136100e-01,  1.54675468e-01,
        -5.06255511e-02, -2.10029312e-01, -4.79620782e-01,
        -3.05635477e-01],
       [ 1.48246443e-01,  1.59229969e-01,  1.23494662e-01,
        -2.17589566e-01,  5.36960220e-02, -2.10331247e-01,
        -1.70035932e-01,  2.03533440e-01,  2.70833295e-01,
         2.62613401e-01],
       [ 1.89314954e-01,  6.68656570e-03,  3.26128089e-01,
        -7.31524903e-03,  1.65028052e-01,  2.63902113e-01,
         7.07037092e-02,  2.27845268e-01, -9.47763867e-02,
        -4.96026074e-02],
       [ 3.16159189e-01, -4.57985086e-01, -6.29185842e-02,
        -1.82652391e-01,  2.90363808e-01, -1.19094301e-01,
        -1.42467031e-01, -2.71410727e-01,  8.29800813e-03,
         6.33498283e-02],
       [-6.60706953e-02, -3.62956199e-01, -3.00256100e-01,
         2.58411050e-01,  3.85728165e-01, -2.33978293e-01,
         3.15383579e-01,  9.61021244e-02,  1.04240922e-01,
         2.27987872e-01]]), array([[ 0.39499008, -0.00347418, -0.07554501, -0.14761328, -0.04848903,
         0.46365015, -0.17148681,  0.1781599 ,  0.24716714, -0.3125442 ],
       [-0.30564412, -0.41433967,  0.2410253 , -0.12680432,  0.08855395,
         0.53430354, -0.01262567,  0.06334677,  0.21552176,  0.17529637],
       [ 0.27974116, -0.27721444, -0.33074624, -0.21948561, -0.14118685,
         0.34666128,  0.01439108, -0.10164634,  0.22118263, -0.25902923],
       [-0.03604843, -0.44504422, -0.06494958,  0.10713855,  0.22186128,
        -0.33478032,  0.07753987, -0.08099006,  0.078045  ,  0.21970885]])]
[array([-0.08884681,  0.24120946, -0.05644256, -2.16892518,  0.73094234,
        0.52063952,  0.19957646, -0.53386682, -0.43040125, -1.36538968]), array([ 0.23139212, -0.63326038,  0.24170135,  0.49470263,  1.71066516,
       -0.36378932, -1.86714332, -1.58638671,  2.51591885,  0.51118008]), array([ 0.62495801, -1.23291116, -0.84486002, -1.25157277])]
NETWORK_95
[array([[-8.65907423e-02, -9.80102273e-02,  5.68644346e-01,
         2.22088670e-01,  1.74543154e-01, -4.27045687e-01,
         5.20614207e-01, -4.80167540e-01, -3.09455359e-01],
       [ 4.53935435e-01,  9.14547114e-01,  4.96010895e-01,
         1.07616077e-01,  4.02211059e-01, -1.44243794e-01,
        -2.87407928e-01,  6.20811840e-01, -3.32018375e-01],
       [ 2.58829862e-01,  2.31878327e-01,  3.34325960e-01,
        -5.73428360e-01, -4.12424619e-01,  1.93526032e-01,
         6.78048323e-02, -1.66688263e-01,  5.50049708e-01],
       [-4.92858749e-01,  3.88685345e-02,  3.45417478e-01,
        -7.53960238e-02,  1.64226536e-01,  1.07845069e-01,
         3.12641193e-01, -5.31659864e-01,  3.55260329e-01],
       [ 1.65618569e-01,  5.51640328e-01, -8.97941296e-02,
         3.17009527e-01,  2.38977548e-01, -2.61264520e-01,
         3.59550874e-01,  6.27857487e-02, -1.83811721e-01],
       [-1.07099102e-01,  3.38138009e-01, -6.42907474e-02,
        -2.87647878e-01, -6.95560004e-01, -1.41159984e-04,
         3.15858153e-01, -3.40808883e-02, -8.03600964e-02],
       [ 4.17491593e-01,  3.95439732e-01, -5.47737329e-02,
        -7.72909878e-02,  5.60283801e-01, -2.58174177e-01,
         1.45539218e-01,  2.96489503e-01, -1.01168559e-01],
       [ 1.07283535e-01, -5.06968001e-01, -1.53200954e-01,
        -1.89329924e-01,  3.41021136e-01,  2.64238384e-01,
         3.56431030e-02,  3.35230139e-01, -3.50957160e-01],
       [ 1.12527437e-01, -1.66922158e-01,  3.97858717e-01,
         1.90653041e-01, -2.27824924e-01,  1.86885561e-01,
        -4.02003129e-01,  5.02087456e-01, -1.82245699e-01],
       [ 2.48687835e-01,  3.78128005e-01,  4.31146334e-01,
         1.55978298e-01, -3.68378825e-01, -2.68402581e-01,
        -3.80768024e-01,  3.04161188e-01, -1.31848859e-02]]), array([[ 0.57779493,  0.37035828,  0.17450872, -0.08382925, -0.03631016,
        -0.52162462, -0.41930983,  0.4354548 , -0.08720726,  0.41148715],
       [ 0.2182399 ,  0.00578477, -0.25523775, -0.61789676, -0.26019271,
        -0.65724303,  0.22249517,  0.36805891, -0.24577585,  0.06491837],
       [ 0.0519667 ,  0.2655134 , -0.67926794,  0.09872475, -0.19943261,
        -0.43880767,  0.25451965, -0.22522478, -0.21318919,  0.52809928],
       [ 0.02184796,  0.02989785, -0.34571663, -0.08697117,  0.88724132,
        -0.41309897,  0.15741013,  0.17166564, -0.00433525,  0.63324889],
       [ 0.08667781, -0.14885496,  0.26174006, -0.1735442 ,  0.05122894,
         0.09213763, -0.68275341,  0.25081539, -0.03546663, -0.12423776],
       [-0.17439006, -0.25281679, -0.0971174 ,  0.30400971,  0.09081324,
        -0.24687265,  0.32784076, -0.07791191, -0.59551052,  0.04692488],
       [ 0.19225608, -0.00998106,  0.17965044, -0.3391797 , -0.18421844,
        -0.13461517, -0.08979852, -0.17404753, -0.18241144,  0.1792013 ],
       [ 0.04459713, -0.04576316,  0.51521256,  0.32231523,  0.42305928,
         0.26747857,  0.24151379,  0.35535425, -0.22382973,  0.21312665],
       [ 0.12303776, -0.16488908,  0.17859917, -0.06645685,  0.71706931,
        -0.43752244,  0.09033552, -0.26834462, -0.15077584, -0.29388682],
       [-0.00698953, -0.2118394 , -0.53268483,  0.1468746 ,  0.07015555,
        -0.41822057,  0.37874941, -0.12184762, -0.35992753, -0.08088459]]), array([[ 0.58239061, -0.43531886,  0.28000219, -0.2277588 ,  0.119486  ,
         0.35802872, -0.17627716,  0.18848325,  0.05668535, -0.17161565],
       [-0.06518852, -0.55168835,  0.21490657, -0.02882779,  0.04366019,
         0.21369596, -0.13633671, -0.12175491,  0.40465127, -0.00530447],
       [ 0.32501589, -0.45551417, -0.09397862, -0.1154714 , -0.30581986,
         0.33959343, -0.06248329, -0.1508338 ,  0.0010994 , -0.17103722],
       [ 0.45272475, -0.3629086 , -0.40279469,  0.04494208,  0.06153163,
        -0.64283927,  0.28512824, -0.03523917,  0.42184291, -0.10499643]])]
[array([ 1.19728624,  0.39661023, -2.27915081, -0.15364158, -0.91306439,
        1.88936146,  0.98870268,  1.25822098, -3.0959233 ,  0.89370992]), array([-1.00862238, -0.58156616,  1.0828181 ,  1.20212186,  2.16735809,
        1.10513802, -3.74803359, -0.93712395,  1.62051361,  0.969784  ]), array([ 1.27922379, -1.75498693, -2.71143074, -3.10671373])]
NETWORK_96
[array([[-0.5892145 , -0.30212235,  0.45629764,  0.37962597, -0.16104938,
        -0.08392528, -0.09892316,  0.19204959, -0.69880349],
       [ 0.54146983,  1.07189675, -0.2714438 , -0.07945815, -0.08255119,
        -0.01957791, -0.65075542,  0.86434837, -0.38831329],
       [ 0.06322908, -0.3613912 , -0.0015372 , -1.0231058 , -0.06546172,
        -0.41563163,  0.09235761,  0.32050124, -0.02396021],
       [ 0.12857647,  0.36964453,  0.33148455, -0.13294921,  0.08201155,
        -0.09027952, -0.06079395, -0.49674075,  0.79269381],
       [ 0.11459751, -0.05511512,  0.41740117,  0.41721833,  0.56629532,
        -0.16214468,  0.2463614 ,  0.14260542, -0.36776391],
       [ 0.7388809 , -0.29903671,  0.21737847,  0.24350629, -0.13563734,
         0.51040247, -0.20646611, -0.01790834, -0.48353714],
       [ 0.12683192,  0.60283211, -0.43422713, -0.3419617 ,  0.98085172,
        -0.11575166, -0.27219358,  0.05585045, -0.07794361],
       [ 0.43281071, -0.34432591, -0.25164834, -0.23075189,  0.61390995,
         0.37126486,  0.38579485,  0.36978134, -0.1184393 ],
       [-0.12476155, -0.37982132,  0.43657624,  0.20863258, -0.30536692,
        -0.08439374, -0.12942707,  0.38006557,  0.05945106],
       [ 0.19386952, -0.56498849, -0.27948945,  0.01475151,  0.04386641,
        -0.27692048, -0.41881771, -0.16537652,  0.33086533]]), array([[ 7.57925702e-02, -3.52079251e-01,  5.55333161e-01,
         3.18762081e-02, -3.11452285e-01, -4.18797398e-02,
         1.58555248e-01, -1.62915777e-01, -1.35869874e-01,
         1.01174818e-01],
       [-1.30115433e-01,  4.56204343e-01, -2.51716152e-02,
         4.22846332e-02, -3.23110314e-01,  4.15324754e-01,
        -5.07898827e-01,  4.96367398e-02, -5.51930834e-01,
         2.25546855e-01],
       [ 4.55339466e-01, -7.35744111e-01, -8.76949609e-02,
        -9.34744122e-02,  2.06304922e-01, -1.54221636e-01,
        -3.58544926e-01, -2.68403066e-01, -4.54286599e-01,
         5.80304966e-01],
       [-5.17450110e-02, -4.28700004e-01, -4.15252427e-01,
         3.60065574e-01, -1.93069178e-01,  2.14053274e-02,
        -4.87188422e-01, -4.75589532e-01, -2.91105244e-01,
         3.30222289e-01],
       [ 4.75219941e-03,  1.26934395e-01,  3.52828388e-01,
        -2.34904479e-02, -2.00344484e-01,  3.28369844e-01,
        -7.38561037e-01,  1.22360788e-01, -2.19165055e-01,
         1.07081675e-01],
       [-2.34755470e-01, -6.84060236e-02,  1.44250191e-01,
         2.29827282e-01, -3.70246631e-02, -3.49154940e-01,
         6.02823587e-01,  9.93519537e-02, -6.34098112e-01,
         3.05249064e-02],
       [ 3.30162667e-01,  8.36278423e-02, -3.06803498e-01,
         1.19286226e-01,  5.40589342e-02, -2.16866367e-01,
        -1.60002567e-01, -2.18366416e-01,  7.60038699e-01,
         2.76734212e-02],
       [ 2.67107961e-01, -7.13622873e-02,  4.08754893e-01,
        -4.02732915e-01,  1.67962002e-03,  3.69089115e-01,
        -1.85010531e-02,  1.56029543e-02, -8.41244631e-02,
         6.46135447e-02],
       [ 3.60615063e-01, -1.14205477e-01,  4.81075672e-01,
        -4.65893044e-01, -3.03261931e-02, -1.11618466e-01,
        -9.78140064e-02, -3.77263846e-01, -2.46218558e-01,
         8.51293692e-02],
       [-1.23130116e-01, -4.68047386e-01, -1.63753403e-01,
        -7.70193521e-02,  3.61437695e-01, -5.45250619e-01,
         7.30744445e-01,  2.40889848e-01, -1.37233214e-01,
        -1.78633457e-04]]), array([[ 0.37849417, -0.04700221, -0.51082854, -0.51249318,  0.12481214,
         0.40592151, -0.0115897 ,  0.50192806,  0.43665436,  0.16176763],
       [-0.29250376, -0.21852982,  0.18872616, -0.29778279, -0.10336848,
         0.55570125, -0.27369458,  0.18867428,  0.01066513,  0.18572744],
       [-0.02133317, -0.30712443, -0.6021131 , -0.13504653,  0.06906629,
         0.38464728,  0.01153963,  0.15135048,  0.5046705 , -0.36323801],
       [ 0.34510925, -0.15254754,  0.080066  ,  0.29219033,  0.32380214,
        -0.45336203,  0.23905887, -0.32349298,  0.55242616, -0.17357693]])]
[array([ 1.93205669,  2.95615277,  2.84273276, -1.71236005, -0.00642757,
        0.8231591 ,  2.52339795,  0.41224001, -0.98799785, -1.49668929]), array([ 1.46695658, -2.93119302, -0.72039804,  2.22579158,  1.24008451,
        0.45898542, -3.02229934, -1.72494338,  5.87197939, -1.17233723]), array([ 1.16067973,  0.55903043, -0.04680385, -0.40470456])]
NETWORK_97
[array([[-0.30098421, -0.26455924,  0.65243428,  0.15637411,  0.16996176,
        -0.17440093,  0.34958374, -0.47059935, -0.19208564],
       [-0.07655679,  0.21276223, -0.05755008,  0.48942177,  0.47130687,
         0.10679967, -0.07531934,  0.55744085,  0.00712867],
       [-0.05900085,  0.03038625,  0.05032171, -0.40675567, -0.17468883,
        -0.32578036, -0.23667244, -0.45580025,  0.33283441],
       [-0.51725252,  0.05848028,  0.23506959,  0.17620652,  0.04403322,
        -0.21383786,  0.53048609, -0.04554802,  0.10049892],
       [ 0.20186323,  0.27348582, -0.07894201, -0.22506079,  0.19980555,
        -0.13941418,  0.25004476,  0.15836112,  0.09220918],
       [-0.1378539 ,  0.52483475,  0.23136012, -0.04892376, -0.74017003,
        -0.58832591,  0.11619411,  0.03847689, -0.09258203],
       [ 0.1404525 ,  0.36623041,  0.09455549, -0.26287241,  0.75569103,
        -0.31607805,  0.34006273, -0.04791658,  0.05195637],
       [ 0.18424853, -0.24853649, -0.36392864, -0.40731524, -0.0216139 ,
         0.33565684,  0.26734497,  0.13161086, -0.31680505],
       [-0.10550752,  0.04585325, -0.04006757,  0.25165633, -0.41374798,
         0.32263686,  0.16447423,  0.576673  , -0.03423832],
       [ 0.33218446, -0.17934536,  0.22501753,  0.25126861, -0.26082264,
        -0.40556949, -0.32902236, -0.10606882,  0.01209193]]), array([[ 0.04791577,  0.34263803,  0.11738669, -0.18268818,  0.2249521 ,
        -0.6162776 ,  0.01102231,  0.13472174, -0.1430887 , -0.12667209],
       [-0.16784804, -0.06355889, -0.26802965, -0.26753459,  0.15738728,
         0.25990053,  0.04220598,  0.63314826,  0.24198189,  0.28641233],
       [ 0.35292934, -0.01396968, -0.11992006, -0.00836377, -0.11904823,
        -0.24395037,  0.14411715, -0.24726318, -0.13350548,  0.50574196],
       [-0.15641701,  0.00231257, -0.51568721,  0.02352376,  0.61964909,
        -0.26898835,  0.03733026,  0.25087794, -0.36313302,  0.75767744],
       [-0.05268513, -0.54837008,  0.10287061, -0.21084294, -0.08748661,
         0.37056401, -0.50640714,  0.55357344,  0.06778279,  0.05350619],
       [-0.26777075, -0.09187765,  0.27901346,  0.19456039,  0.28604303,
         0.02586096,  0.13564993, -0.08144098, -0.47086995,  0.04227111],
       [ 0.39472366, -0.13943326,  0.09001624, -0.26278897, -0.08168353,
        -0.09998036,  0.33476957,  0.01415516,  0.23869488, -0.02119835],
       [ 0.30622022, -0.38219109,  0.4380198 ,  0.2157183 ,  0.02102825,
         0.29111164,  0.24603867,  0.41817486, -0.00306   ,  0.26298246],
       [ 0.25171893, -0.37324721,  0.19690198, -0.14613245,  0.85206564,
        -0.08407081, -0.04471719, -0.14850459, -0.49836665,  0.06182277],
       [-0.18947648, -0.13197862, -0.14278185, -0.25557964,  0.28413744,
         0.04435967,  0.75031908, -0.25127345, -0.6137121 ,  0.42755056]]), array([[ 0.29919827, -0.18327609, -0.19639216,  0.17153286,  0.04294978,
         0.18446923,  0.2700379 , -0.08229098,  0.54586248, -0.16614643],
       [-0.17412638, -0.33197841,  0.46738557, -0.26326578,  0.61682428,
         0.39186241, -0.153923  , -0.02564708,  0.21112482,  0.45990038],
       [ 0.38500844, -0.19546001, -0.07275827, -0.19620241, -0.42677996,
         0.49480622,  0.06142956, -0.30897246, -0.12640471, -0.58717812],
       [-0.10506333, -0.04573139, -0.56647149,  0.21607059,  0.15475099,
         0.00535723,  0.10602861, -0.24357634,  0.62358359, -0.03202728]])]
[array([ 2.82328191, -2.02308438,  0.13634561,  0.36125721,  0.61907835,
        0.34503183, -0.23383516,  0.00944773, -2.01078664, -1.69825226]), array([-1.70950627, -1.73139133,  1.68806707,  0.7654111 ,  0.74857127,
        1.38073985, -1.31241147, -1.56798376,  2.71798074,  0.05446376]), array([ 1.26717736, -0.81487944, -1.07613425, -2.02180017])]
NETWORK_98
[array([[-0.03146426,  0.02223995,  0.16727362, -0.16881452, -0.01118225,
        -0.14450594,  0.252538  ,  0.17476028, -0.43398459],
       [ 0.10727175,  0.20043961,  0.10321157, -0.11483757,  0.02286231,
        -0.27513053, -0.24175772, -0.31138766, -0.06958772],
       [ 0.22555105,  0.32552387, -0.00631542,  0.25307574, -0.27605034,
         0.08184822,  0.00870528, -0.50035223, -0.10587119],
       [ 0.08064859, -0.00570613, -0.06973132, -0.10004659, -0.16566414,
         0.06491354,  0.07282724, -0.25438483, -0.0998612 ],
       [-0.18003926,  0.1143258 , -0.09730041, -0.12210441,  0.07962033,
        -0.28689125,  0.2220986 , -0.01363297, -0.19066759],
       [-0.01540656, -0.01784786, -0.10937297, -0.25690243, -0.32779721,
         0.11222417,  0.14853152,  0.28563568, -0.0822527 ],
       [ 0.0121183 ,  0.03900104,  0.02121804,  0.00093917, -0.06710602,
         0.03274498, -0.15224443, -0.52539044, -0.11914107],
       [-0.05260328, -0.04822787, -0.1331678 , -0.08239619, -0.07873864,
         0.15569081, -0.22864273, -0.21957494, -0.01101143],
       [-0.36282714,  0.58521322, -0.12650265,  0.13554354,  0.13146545,
        -0.38726149, -0.35614054, -0.27425277, -0.084231  ],
       [ 0.00448013, -0.0706251 ,  0.351043  , -0.10375101, -0.1224631 ,
        -0.0475578 ,  0.15056321, -0.07127098, -0.04135568]]), array([[-0.26715085,  0.28967033, -0.03778251,  0.10288276,  0.06507352,
         0.17712894,  0.26113026,  0.11624162,  0.00267102,  0.37550752],
       [ 0.25016931,  0.09422313,  0.2657524 , -0.05363802, -0.35991497,
        -0.18290324, -0.13001166, -0.13567484, -0.15644334,  0.20146629],
       [-0.21327333,  0.00212686,  0.24578643,  0.05552307,  0.08979004,
        -0.53111865, -0.15362421, -0.0531356 , -0.00415157, -0.10673507],
       [ 0.03062316, -0.06007112, -0.25584911,  0.247796  ,  0.1574753 ,
         0.16607307,  0.01895309, -0.36422221, -0.10504704, -0.02966987],
       [-0.1300797 , -0.16091774,  0.02475661, -0.17862874, -0.10864799,
        -0.16955594, -0.24376223, -0.12802484, -0.32914499,  0.22473851],
       [-0.13570451, -0.35881752, -0.15893605,  0.05763963, -0.40422617,
        -0.41323877,  0.04860223, -0.06370317, -0.05312754,  0.02239782],
       [ 0.17949319, -0.35843384, -0.16432548,  0.1120138 ,  0.07120334,
        -0.0621977 , -0.04816274,  0.00517528, -0.01073566, -0.04593554],
       [-0.22890233,  0.07793672,  0.03734657,  0.01236539,  0.00792803,
        -0.18037802, -0.09192822, -0.04104395, -0.33980556,  0.0207467 ],
       [ 0.13151343,  0.109563  , -0.51960409, -0.23942659,  0.29140996,
        -0.06507333, -0.1920624 ,  0.46452124,  0.21919222, -0.01182541],
       [-0.49431392, -0.30475713, -0.04267321, -0.20137687, -0.32572164,
        -0.00625326,  0.04277457,  0.12011658,  0.28516811, -0.03364604]]), array([[ 0.02158464,  0.28030799, -0.16242609,  0.08175059,  0.03226956,
        -0.18063907,  0.50042373, -0.03397001, -0.13586845, -0.04919266],
       [-0.16069127, -0.02819835, -0.06888296, -0.1089868 , -0.19205704,
        -0.12294803, -0.22040408, -0.2051293 , -0.29626322,  0.30669399],
       [-0.18635423,  0.05316016,  0.06429319, -0.303635  ,  0.25741312,
        -0.16945008, -0.26862313,  0.13783472,  0.08390786, -0.09302425],
       [ 0.05101339,  0.10315085,  0.28130468,  0.22888489, -0.25579815,
        -0.02612061,  0.4597346 , -0.00667033,  0.13527322, -0.16494279]])]
[array([-0.68526602, -0.20857369,  0.83994728, -0.43708544,  1.92880933,
        0.34280387,  0.77488961, -0.45328142,  0.2521256 ,  0.22733973]), array([ 0.36702797,  1.83200606,  0.59032926,  0.32520137,  0.44764563,
        1.72846171, -0.87879295,  0.59766078, -0.79139821,  0.9859692 ]), array([ 0.09447551, -1.36056773, -0.94125159, -1.58395833])]
NETWORK_99
[array([[ 0.10058246, -0.46565821,  0.10402323, -0.30067211,  0.20176272,
        -0.07506546, -0.21456571,  0.12495721, -0.34736599],
       [ 0.46508514,  0.03704939,  0.14108319, -0.23855833, -0.10391285,
        -0.09438341,  0.26152072, -0.50649398, -0.04042621],
       [ 0.31719573,  0.03857835,  0.43787688,  0.29172022, -0.18314616,
         0.26638114, -0.4541701 , -0.17384556, -0.19892262],
       [-0.1101635 , -0.14323988,  0.27143844,  0.08476139,  0.03657573,
        -0.18866649, -0.03071681, -0.03739563,  0.05016836],
       [-0.27605995,  0.20718156,  0.01561508,  0.01305641,  0.17994515,
         0.08332168, -0.2275308 , -0.1264972 , -0.12031645],
       [-0.03525521,  0.18247844, -0.34663768, -0.25206266,  0.10002686,
        -0.20287893,  0.2618797 , -0.33889932, -0.18780869],
       [ 0.23179521,  0.18294691, -0.08137011,  0.20502019,  0.1048483 ,
         0.06852646, -0.10043976,  0.08643327, -0.00349141],
       [-0.14452115,  0.41533067, -0.07185869,  0.02953378, -0.02645454,
        -0.01627537,  0.09820528, -0.07937539, -0.12066502],
       [ 0.03260255,  0.47738016, -0.11673004,  0.2795987 , -0.27903595,
        -0.05811873, -0.24722538, -0.24420162, -0.36555703],
       [ 0.33623384, -0.16094165,  0.32428587, -0.60143356,  0.28018557,
         0.00731549, -0.10817323,  0.04032692,  0.01667861]]), array([[ 0.02146782,  0.08348852,  0.15137499, -0.31571063,  0.13342301,
        -0.22008879, -0.11988351,  0.15511385,  0.04898699,  0.22131045],
       [ 0.29101716, -0.41777195,  0.3963098 ,  0.41927111, -0.02461921,
        -0.31170152,  0.07238864, -0.23850454,  0.01301368,  0.13735274],
       [-0.03536522,  0.30503774,  0.10481975, -0.0411961 ,  0.33187869,
        -0.26224531, -0.29494176, -0.10712687, -0.1023184 , -0.14585927],
       [ 0.03937251, -0.15235632, -0.26631485,  0.11530577, -0.13466628,
         0.4238234 , -0.1666538 ,  0.10982717, -0.33756435, -0.04184541],
       [-0.26034418, -0.23389018,  0.20075565, -0.5541054 ,  0.27664125,
        -0.22352517, -0.38917727,  0.06802028,  0.05495448, -0.47581906],
       [ 0.04390252, -0.14930002,  0.03078572,  0.05425043, -0.46521523,
        -0.3949214 , -0.12099208, -0.10986303,  0.17857928,  0.10063612],
       [ 0.39441216, -0.28580882, -0.12404286,  0.57220319, -0.06571011,
         0.47428767,  0.16102657,  0.48805655,  0.05794474,  0.17117984],
       [-0.15064479, -0.20018922, -0.36653769,  0.22090599,  0.13724538,
         0.01075055, -0.11045453,  0.01635922,  0.0159827 ,  0.00672671],
       [ 0.06044822, -0.08604313, -0.24575151,  0.18878142,  0.03372172,
        -0.32157335, -0.29176584,  0.07256628,  0.01600797, -0.08113391],
       [ 0.24348702,  0.18988804,  0.00360638, -0.15028918,  0.09734469,
        -0.23545458,  0.28049838, -0.15240545,  0.31084609, -0.28709036]]), array([[-0.16909696,  0.37853248, -0.22586781,  0.06608452,  0.27613963,
        -0.24781727,  0.38176757,  0.25927203, -0.4253581 ,  0.11529713],
       [ 0.17647643, -0.43468165,  0.33602326, -0.09025062, -0.28701403,
        -0.24728035,  0.00193174, -0.35425675, -0.20500645,  0.23308094],
       [-0.11937519,  0.13206331, -0.33235789, -0.15941374,  0.32186261,
        -0.17014955, -0.0636604 , -0.02810351, -0.08093522,  0.10334695],
       [ 0.07663758, -0.26199211,  0.18407752,  0.16902956, -0.08906733,
        -0.29176417,  0.23050419,  0.12921847, -0.24680048, -0.00152028]])]
[array([-0.07612247, -0.58421898, -0.31428313, -1.26153417, -1.06171786,
       -0.38685418, -0.25104613,  0.15605448, -0.03591764,  0.94933418]), array([ 0.22038383,  0.80474437,  0.21489297, -0.91871478,  0.26199887,
        0.83678341,  0.27375926,  1.1672732 ,  1.69474029,  1.45905151]), array([0.93940176, 0.16478085, 1.64799238, 1.53390962])]
